DJI_20241123144334_0001_V.JPG 22.565777944444445 113.89194091666667 -22.782
DJI_20241123144337_0002_V.JPG 22.565794083333333 113.89197161111112 -22.796
DJI_20241123144340_0003_V.JPG 22.565820583333334 113.89201719444445 -22.824
DJI_20241123144345_0004_V.JPG 22.565839333333333 113.89206861111111 -23.179
DJI_20241123144349_0005_V.JPG 22.565859444444445 113.89213797222223 -23.251
DJI_20241123144355_0006_V.JPG 22.56586452777778 113.89215319444445 -23.123
DJI_20241123144358_0007_V.JPG 22.565832555555556 113.89216741666667 -23.144
DJI_20241123144401_0008_V.JPG 22.565803111111112 113.89218013888889 -23.14
DJI_20241123144404_0009_V.JPG 22.565802694444447 113.8921806388889 -23.154
DJI_20241123144407_0010_V.JPG 22.565780750000002 113.8921033888889 -23.25
DJI_20241123144412_0011_V.JPG 22.565757083333335 113.89204388888889 -23.259
DJI_20241123144416_0012_V.JPG 22.565718805555555 113.89196411111112 -23.292
DJI_20241123144419_0013_V.JPG 22.56565788888889 113.89186205555556 -23.293
DJI_20241123144424_0014_V.JPG 22.565625055555557 113.89182463888889 -23.24
DJI_20241123144428_0015_V.JPG 22.565599083333336 113.89179727777778 -23.246
DJI_20241123144432_0016_V.JPG 22.565556222222224 113.89175169444445 -23.236
DJI_20241123144436_0017_V.JPG 22.565500944444445 113.8916928888889 -23.226
DJI_20241123144440_0018_V.JPG 22.565500500000002 113.89169208333334 -23.212
DJI_20241123144446_0019_V.JPG 22.565463333333334 113.89172536111111 -23.172
DJI_20241123144449_0020_V.JPG 22.56546436111111 113.89172536111111 -23.143
DJI_20241123144452_0021_V.JPG 22.565515722222223 113.89178797222223 -23.206
DJI_20241123144455_0022_V.JPG 22.56556538888889 113.89185008333334 -23.315
DJI_20241123144500_0023_V.JPG 22.565601277777777 113.89190372222222 -23.348
DJI_20241123144503_0024_V.JPG 22.565646805555556 113.89197822222224 -23.352
DJI_20241123144507_0025_V.JPG 22.56568288888889 113.89205802777778 -23.357
DJI_20241123144510_0026_V.JPG 22.565707638888888 113.89212597222223 -23.369
DJI_20241123144515_0027_V.JPG 22.565726694444447 113.89219097222222 -23.339
DJI_20241123144535_0028_V.JPG 22.565529527777777 113.89219586111112 -23.144
DJI_20241123144538_0029_V.JPG 22.565495972222223 113.89213119444445 -23.131
DJI_20241123144542_0030_V.JPG 22.565440583333334 113.89203577777778 -23.099
DJI_20241123144550_0031_V.JPG 22.565436916666666 113.89202944444445 -13.886
DJI_20241123144553_0032_V.JPG 22.56546625 113.89208116666667 -13.9
DJI_20241123144557_0033_V.JPG 22.565492527777778 113.89216419444445 -13.899
DJI_20241123144615_0034_V.JPG 22.565580222222223 113.89213194444446 -6.321
DJI_20241123144617_0035_V.JPG 22.565580222222223 113.89213136111111 -6.29
